730014519
730014904
730015115
730015213
730018403
730020282
730021362
730022386
730024709
730025626
730027017
730032273
730033770
730034306
730034673
730034860
730035144
730036291
730037984
730039343
730040452
730042002
730042046
730042150
730043082
730043530
730045285
730046674
730049161
730050499
730051559
730054312
730055826
730055834
730056014
730060943
730061098
730061574
730062206
730062240
730062910
730062953
730063902
730064210
730065639
730066720
730067217
730067546
730070143
730070416
730073437
730074225
730075156
730077430
730077490
730077847
730077964
730081356
730082149
730084053
730084192
730085839
730086721
730087415
730089546
730092448
730096040
730102272
730102979
730106707
730108829
730109469
730112730
730116887
730117842
730118366
730119567
730119805
730123594
730123717
730125467
730127198
730127358
730127837
730128579
730128980
730130162
730133697
730134436
730136608
730140223
730142912
730143430
730145400
730148676
730150647
730151406
730152929
730153398
730156723
730156895
730157903
730161206
730161316
730165879
730167092
730168270
730168689
730168735
730169141
730169224
730169271
730170252
730171148
730171265
730172843
730173613
730173663
730174335
730174867
730174901
730175206
730175323
730175614
730175620
730175682
730175826
730176591
730176628
730176690
730177196
730177207
730177321
730177353
730177987
730178009
730178219
730178241
730178284
730180087
730180702
730180771
730180789
730181042
730181074
730181607
730181993
730182070
730182193
730182421
730182619
730182870
730183008
730183486
730183567
730183793
730184101
730184136
730184710
730184778
730185191
730185316
730185481
730185482
730185675
730186097
730186222
730186273
730186684
730187142
730187626
730188094
730188654
730188804
730189352
730189825
730190015
730190447
730190941
730190965
730190973
730190982
730190994
730192609
730192768
730192806
730193138
730193519
730193579
730193938
730194007
730194016
730194215
730194221
730194458
730194770
730194905
730194968
730195218
730195492
730195972
730196193
730196925
730197158
730197521
730197672
730197796
730197826
730197918
730197950
730198030
730198294
730198690
730200204
730201507
730203451
730203586
730203987
730204270
730204689
730204739
730205359
730205398
730205458
730205643
730205786
730205837
730206015
730206021
730206135
730206424
730206459
730206592
730206913
730207062
730207161
730207169
730207402
730207432
730207604
730207709
730207761
730207901
730208105
730208394
730208493
730208727
730208914
730209184
730209321
730209626
730209684
730210012
730210052
730210353
730210478
730210515
730210535
730210593
730210746
730210779
730210783
730210791
730210803
730211031
730211040
730211056
730211280
730211306
730211362
730211961
730212830
730212860
730212975
730213004
730213016
730213194
730213274
730213376
730213464
730213661
730214539
730214960
730214993
730215862
730216017
730216020
730216408
730216458
730216496
730216512
730216920
730216958
730217125
730217341
730218126
730218253
730218440
730219240
730219552
730219589
730219717
730219760
730220540
730220569
730220572
730221037
730221041
730221293
730221349
730221369
730221398
730221657
730223097
730223567
730223843
730223917
730224057
730224076
730224363
730224880
730224982
730225247
730225496
730225663
730226209
730226308
730226451
730226485
730226567
730226837
730226874
730227009
730227216
730227229
730227309
730227402
730227559
730227680
730227892
730227951
730228243
730228396
730228434
730229849
730229923
730230591
730230889
730231254
730231424
730231901
730231961
730232695
730232712
730232767
730232987
730233265
730233597
730233612
730234147
730234413
730234738
730234946
730234997
730235009
730235715
730236009
730236067
730236176
730236203
730236402
730236424
730236442
730236517
730236621
730236695
730236942
730236962
730237107
730237117
730237151
730237174
730237638
730237808
730238127
730238130
730238582
730238627
730238657
730238689
730239008
730239149
730239790
730240057
730241495
730241521
730241669
730241889
730242012
730242392
730242825
730242885
730243072
730243130
730243307
730243921
730244359
730244756
730245217
730245235
730245865
730246105
730246130
730246621
730246693
730246796
730247280
730247791
730248110
730248164
730248205
730248302
730248587
730248691
730248875
730249051
730249294
730249519
730250164
730250705
730250740
730251402
730251420
730251464
730251641
730252291
730252784
730253273
730253602
730254039
730254094
730254223
730254532
730254683
730255332
730255972
730255982
730256001
730256268
730256492
730256630
730256807
730256847
730257280
730257385
730257785
730258745
730259264
730259265
730259469
730259479
730259634
730259667
730259725
730260108
730260168
730260293
730260342
730260582
730260658
730260913
730260924
730261079
730261092
730261172
730261634
730261790
730261895
730262003
730262091
730262465
730262519
730262754
730262807
730263145
730263162
730263169
730263560
730264284
730264436
730265231
730265609
730265823
730266074
730266094
730266198
730266705
730266708
730266804
730266823
730267036
730267069
730267682
730268007
730268043
730268179
730268208
730268723
730269116
730269179
730269235
730269741
730270210
730270437
730270510
730270517
730270638
730270949
730271209
730271210
730271626
730271982
730272032
730272175
730272393
730272916
730273290
730273945
730274482
730274701
730275387
730275453
730275603
730275829
730275903
730275957
730276107
730276139
730276264
730276715
730276842
730276874
730277194
730277283
730277320
730277328
730277607
730277651
730277693
730277890
730277914
730277921
730277938
730277961
730277969
730277982
730277985
730278015
730278036
730278049
730278073
730278096
730278112
730278134
730278161
730278167
730278197
730278338
730278536
730279085
730279484
730279726
730280176
730280198
730280353
730280354
730280534
730280549
730280736
730280926
730281454
730281463
730281725
730281760
730282125
730282279
730282353
730282661
730283118
730283449
730283626
730283659
730283830
730283893
730284054
730284062
730284117
730284181
730284219
730284260
730284743
730284892
730285670
730285698
730285814
730286093
730286248
730286313
730286409
730286473
730286765
730286847
730286967
730286972
730287007
730287032
730287185
730287186
730287213
730287331
730287583
730287584
730287606
730287652
730287810
730287871
730287908
730287950
730287985
730288019
730288107
730288237
730288267
730288438
730288476
730288528
730288591
730288634
730288673
730288962
730289378
730289383
730289423
730289457
730289679
730289840
730290035
730290216
730290283
730291067
730291226
730291249
730291275
730291302
730291347
730291481
730291568
730292187
730292312
730292371
730292573
730292590
730292679
730292691
730292842
730293054
730293213
730293215
730293375
730293551
730293569
730293645
730293782
730293789
730293792
730293859
730293975
730294125
730294192
730294241
730294290
730294296
730294307
730294351
730294386
730294756
730294986
730295034
730295096
730295181
730295425
730295626
730295665
730295693
730295823
730295851
730295940
730296092
730296117
730296153
730296350
730296401
730296582
730296842
730297026
730297041
730297128
730297360
730297519
730297741
730297854
730297916
730297962
730298017
730298092
730298407
730298504
730298627
730298853
730298861
730298981
730299510
730299857
730301398
730302199
730304189
730304596
730306187
730310603
730313275
730315977
730324354
730325644
730328228
730328785
730345978
730347867
730349903
730350570
730356020
730357107
730357757
730358383
730364508
730371125
730371973
730373075
730376479
730385919
730386338
730391508
730392108
730392146
730395013
730399505
730399780
730399796
730399876
730476238
730476240
730477497
730497279
733001078
733001926
733001998
733002246
733003889
733005732
733007257
733007694
733010039
733010324
733012342
733014646
733015036
733015721
733016312
733016843
733017151
733019563
733019650
733023286
733023957
733025961
733027328
733027429
733028635
733030084
733030334
733033290
733035445
733036733
733038023
733043281
733048329
733054893
733057415
733057892
733059317
733061020
733062158
733062794
733064870
733065874
733068033
733068803
733069201
733071434
733073112
733075313
733076400
733078065
733080775
733081330
733082468
733085264
733086753
733087825
733087896
733089356
733092537
733093632
733095230
733096910
733097343
733099563
733099640
733113584
733113731
733114392
733116604
733118223
733118937
733119007
733119912
733124522
733124928
733127300
733128139
733129411
733133621
733136129
733137252
733142875
733144701
733144863
733147307
733147430
733148270
733148625
733149174
733149776
733150776
733153177
733153502
733154101
733154743
733154842
733156330
733157681
733159330
733165443
733166142
733167192
733168906
733169372
733170072
733172242
733172363
733172379
733174736
733176756
733176824
733180178
733180914
733181567
733182744
733184798
733184980
733185274
733187491
733189482
733190711
733196329
733197726
733198146
733202248
733204328
733205382
733205989
733206367
733208162
733209828
733213056
733217833
733218781
733223052
733227563
733228109
733234962
733240825
733241686
733242106
733244940
733247956
733248066
733251145
733257359
733258674
733259403
733259732
733261144
733262284
733265425
733266987
733269509
733271670
733271960
733272788
733272915
733273568
733274937
733275240
733275257
733276028
733276156
733276532
733278247
733280186
733280558
733282071
733282251
733284376
733284826
733285043
733285498
733285890
733285989
733286672
733289566
733291915
733295884
733296343
733296492
733297871
733299471
733302465
733302957
733304068
733304758
733305886
733306257
733311764
733313821
733314862
733315760
733316012
733316258
733317610
733324112
733324689
733325651
733327493
733335264
733340468
733343014
733343672
733346118
733346816
733346922
733349056
733351060
733353567
733354793
733357081
733357318
733357873
733360261
733361129
733366580
733371272
733371497
733374921
733376408
733376637
733379109
733379771
733379951
733380356
733386406
733387243
733389006
733389336
733396796
733402295
733402424
733403509
733403671
733404001
733404787
733413878
733414766
733418552
733419842
733421684
733422736
733425682
733427304
733427826
733428160
733433476
733435716
733437108
733437319
733439609
733440214
733442186
733443016
733447608
733447664
733450104
733451167
733452446
733452600
733455830
733457133
733459775
733460318
733460826
733463502
733463650
733464586
733464899
733465920
733466835
733466940
733467949
733468398
733468781
733469709
733470818
733471193
733471832
733474480
733477783
733478701
733478734
733480644
733489985
733495914
733496658
733497849
733497850
733500163
733501177
733502129
733502896
733506464
733506478
733507032
733508771
733509129
733509831
733509854
733510949
733511056
733511494
733514217
733519658
733519707
733522429
733527137
733529053
733529648
733532095
733532795
733532954
733533599
733534498
733535184
733537139
733537299
733538285
733538530
733541368
733541841
733542480
733543211
733544571
733544894
733546442
733546508
733547103
733548520
733549488
733550874
733551487
733552008
733552564
733552685
733556520
733559089
733559623
733559653
733560782
733562274
733564489
733565845
733566483
733566637
733568283
733570151
733571063
733571152
733574611
733575586
733576008
733576385
733576700
733576753
733576906
733578490
733580218
733581451
733581626
733584289
733587057
733596050
733597511
733597689
733598714
733599403
733605350
733605401
733607103
733609144
733610469
733610935
733611353
733612251
733612560
733614225
733614536
733614683
733615468
733617574
733619482
733620561
733621068
733621475
733624300
733626074
733626407
733627210
733627291
733628987
733635348
733638502
733639181
733639753
733640308
733642215
733643169
733645428
733647793
733648132
733648475
733652733
733653569
733653701
733654710
733657338
733658533
733660269
733660751
733664670
733664978
733665512
733665658
733665928
733667510
733668468
733672785
733672925
733672935
733674045
733674306
733674321
733675881
733675950
733679121
733679351
733680829
733681574
733682494
733686632
733687005
733687598
733687616
733690240
733690435
733690949
733692205
733692550
733692764
733693195
733694074
733694681
733695851
733701191
733701850
733704400
733706716
733706779
733709110
733710398
733711286
733711854
733712157
733714354
733715636
733716296
733719861
733719942
733720009
733722051
733722873
733723270
733724591
733726350
733726492
733728927
733728985
733730509
733730614
733731763
733737119
733740491
733740797
733742249
733745813
733748576
733748595
733748763
733748779
733749548
733750014
733750708
733753218
733753545
733755116
733756106
733758868
733760633
733763574
733764116
733764732
733767648
733771015
733774969
733776817
733780289
733780840
733780985
733781045
733781814
733783745
733786021
733791491
733791970
733794523
733794825
733794983
733796109
733796475
733798213
733798626
733798961
733805754
733806428
733807131
733809515
733809981
733812346
733815695
733820181
733821637
733821934
733826771
733829729
733830185
733830806
733833669
733834725
733835327
733835417
733835419
733835870
733836585
733836858
733844519
733845537
733845619
733846372
733846812
733847028
733848603
733849904
733850805
733853052
733855782
733856796
733856929
733857335
733858801
733859156
733860323
733860548
733860647
733862378
733863262
733863296
733867107
733867235
733869214
733872822
733873731
733874966
733876448
733876809
733884517
733885851
733886516
733891015
733892062
733892752
733896319
733896872
733902869
733902932
733906141
733908534
733909687
733910143
733911001
733911545
733911971
733914254
733914785
733915749
733916001
733916163
733916810
733917173
733917195
733919031
733919486
733920164
733921135
733921957
733924910
733927814
733928148
733929827
733930152
733931366
733933854
733934013
733934253
733935933
733937468
733938941
733939174
733939205
733941526
733941857
733943084
733943841
733946195
733946325
733947681
733947992
733949072
733950901
733951284
733952402
733953092
733954761
733956485
733959279
733960154
733960932
733961054
733962992
733966379
733969820
733974179
733975888
733977807
733979281
733979975
733981637
733982812
733982875
733984747
733985394
733986510
733988748
733988987
733989514
733991576
733992542
733994607
734001029
734002621
734003266
734003629
734004310
734005776
734006482
734007388
734008772
734010803
734013746
734015934
734017866
734018014
734018282
734018893
734019072
734020486
734020514
734022423
734022841
734022965
734023371
734024164
734024518
734025813
734026203
734026245
734026399
734026874
734028084
734028368
734029313
734029856
734032664
734033590
734033964
734034216
734034978
734036330
734036429
734037893
734038526
734039619
734041908
734043976
734044113
734045300
734045325
734048094
734048299
734051967
734053011
734053248
734053506
734054437
734055015
734056675
734056871
734057234
734057881
734058379
734059251
734060848
734060985
734064445
734066135
734067467
734068045
734069446
734071797
734072867
734073223
734073561
734073992
734074562
734077036
734077481
734077832
734079506
734079963
734081689
734083465
734086981
734087411
734087661
734088323
734089341
734090101
734091960
734092886
734095422
734096199
734096717
734097485
734097641
734100493
734100793
734110579
734113205
734114999
734115732
734115984
734116300
734116329
734118419
734119252
734119811
734124326
734124932
734125262
734126210
734126614
734126692
734129085
734129742
734129826
734130324
734132916
734134050
734134913
734134990
734138681
734139041
734139152
734139522
734139556
734140361
734140385
734142395
734142917
734145137
734147557
734150755
734150918
734153631
734153811
734154577
734157057
734157654
734161206
734162392
734164712
734165035
734168564
734169152
734169606
734170940
734172374
734174259
734174497
734175466
734175779
734178299
734179236
734180054
734180245
734180325
734180610
734181672
734183489
734188375
734193811
734194445
734196827
734197037
734197800
734197924
734198092
734200555
734201129
734203463
734204102
734205700
734205733
734205852
734206683
734208898
734209005
734209637
734210401
734213194
734214230
734214565
734215901
734216526
734216820
734217129
734219195
734224536
734225012
734225104
734225782
734226810
734227353
734227669
734230332
734230814
734232115
734232213
734233404
734233745
734234524
734235686
734237221
734237608
734239157
734239265
734239518
734241289
734242306
734243708
734243958
734245985
734247091
734247314
734247670
734249553
734250234
734251834
734255322
734257699
734262964
734262977
734263625
734263757
734264192
734264342
734267418
734267568
734267873
734268778
734268874
734269914
734273128
734274758
734275238
734275366
734276647
734277586
734277987
734278898
734279081
734279312
734280005
734280323
734282009
734282509
734285933
734286495
734286874
734287330
734290155
734290526
734295038
734298958
734299243
734299752
734300715
734303269
734307601
734307752
734308315
734308648
734309239
734309852
734310362
734310502
734312526
734314034
734314785
734315068
734316184
734317021
734318769
734320390
734321376
734321400
734323387
734324992
734326560
734327331
734328620
734328818
734329510
734331932
734332962
734334292
734337041
734337839
734338977
734342452
734343168
734345817
734345915
734346201
734346289
734347009
734347417
734348123
734348643
734350533
734352440
734355785
734355812
734357786
734358757
734360445
734362313
734363508
734364849
734365032
734365589
734368484
734369053
734369063
734371044
734371953
734372612
734372805
734374807
734375889
734380741
734383208
734385520
734387054
734388622
734389895
734390408
734390515
734390963
734393803
734395733
734397622
734398544
734399037
734399298
734401174
734402581
734402589
734402737
734408662
734409803
734410344
734412342
734412947
734416739
734417381
734417517
734418063
734418655
734422954
734423251
734424093
734425046
734425901
734426013
734426041
734427246
734428141
734429157
734430740
734434049
734436238
734436804
734438369
734438998
734440400
734443765
734449984
734450006
734450272
734451676
734452350
734453806
734454430
734458473
734459665
734464317
734466543
734467261
734467404
734468630
734469232
734469602
734469757
734469779
734470421
734470792
734471121
734471594
734471813
734471882
734472950
734476750
734478442
734479505
734479825
734480450
734482869
734483181
734485873
734485928
734487180
734490564
734491951
734492568
734492680
734495008
734495231
734497978
734498632
734500027
734501312
734503921
734504963
734505421
734505969
734508784
734509039
734509212
734509679
734509876
734510130
734512052
734513134
734513510
734514419
734514494
734518589
734519086
734519168
734524870
734525054
734525949
734526926
734527311
734527860
734528471
734529844
734531060
734531081
734531096
734531347
734534255
734534974
734536260
734538449
734538487
734541035
734541804
734542409
734542972
734543012
734546343
734546710
734547873
734550721
734552456
734553829
734556390
734559675
734559765
734561614
734561869
734561935
734562765
734566209
734568593
734570361
734570870
734571263
734571298
734572617
734573682
734573717
734579064
734582376
734582713
734583600
734584234
734585743
734589647
734591048
734595529
734595793
734596779
734597623
734599371
734600878
734602130
734602570
734604411
734604673
734608850
734609842
734610172
734612294
734612755
734613829
734614192
734618270
734620064
734620722
734622416
734622781
734623208
734624007
734624378
734624621
734625094
734627671
734629569
734630594
734630853
734633968
734637371
734638132
734638631
734639500
734642228
734642485
734643364
734643956
734646621
734649473
734649560
734651121
734651283
734652089
734654488
734655108
734660622
734661703
734663059
734663091
734663485
734665030
734668184
734669731
734670626
734671753
734672331
734673670
734673779
734673825
734674215
734674593
734674962
734676224
734677149
734678127
734679544
734679730
734682751
734683419
734683947
734686154
734687857
734688696
734690399
734697614
734698533
734700985
734701482
734702623
734704650
734704726
734704793
734705885
734706617
734706757
734707387
734708417
734708732
734709497
734709837
734711032
734713817
734714589
734716664
734716861
734717959
734719729
734719976
734720139
734721589
734722074
734724520
734726896
734727434
734729132
734729342
734731360
734731362
734736357
734737231
734737905
734738421
734738587
734738904
734739055
734741888
734742181
734742605
734743597
734744922
734745179
734745627
734745806
734748380
734750658
734751826
734752700
734753386
734753654
734753822
734754529
734754688
734755091
734756295
734758337
734758598
734758715
734759160
734760426
734761717
734762298
734764065
734764518
734766784
734767241
734772503
734778966
734780666
734781069
734783765
734786791
734788706
734788893
734790133
734790154
734791706
734792217
734797785
734798101
734798122
734799337
734799798
734802358
734804345
734805120
734805281
734805531
734807135
734807271
734808342
734810806
734811016
734813071
734814061
734814278
734814585
734814718
734814809
734815402
734815852
734816383
734816954
734817638
734818349
734818530
734818696
734818979
734819254
734819672
734821940
734823567
734826503
734828119
734830171
734830469
734831958
734834382
734834520
734835443
734836439
734836442
734837492
734840856
734841421
734842648
734844166
734845024
734845396
734846510
734848671
734851319
734851602
734852748
734853947
734854503
734855592
734855999
734856807
734857315
734858378
734858680
734858944
734859087
734860937
734861349
734862231
734862737
734864465
734864633
734865326
734867303
734869440
734869678
734870927
734873938
734874857
734875689
734876594
734877927
734878044
734880064
734880426
734881395
734882472
734882609
734882831
734884871
734885284
734885356
734885470
734886038
734889716
734891712
734892243
734892787
734896333
734902454
734903722
734906384
734906692
734906762
734908398
734909312
734912769
734915254
734915922
734918690
734918695
734920834
734921339
734922196
734922301
734924062
734924220
734924515
734927560
734927689
734929615
734934221
734935971
734937753
734937956
734938468
734938699
734939522
734939704
734940869
734942116
734943861
734946125
734952400
734954453
734956983
734957966
734958688
734959062
734959619
734959689
734960870
734962177
734962774
734962826
734965226
734965844
734966716
734966755
734966761
734969839
734970873
734971323
734971696
734972926
734973781
734975679
734977485
734979152
734979367
734980242
734980412
734981435
734982029
734982996
734984393
734985116
734985217
734985372
734985744
734985786
734985822
734988242
734991341
734991679
734991767
734992381
734992850
734995738
734996462
734997582
734998871
735002321
735002961
735004357
735004527
735008455
735009041
735009784
735011562
735011751
735012662
735013196
735014526
735015290
735015749
735019394
735019476
735020169
735021479
735022875
735023953
735027551
735028193
735029426
735035934
735036855
735039489
735040684
735041762
735042195
735044355
735044786
735048169
735048241
735053605
735053700
735054296
735055612
735055672
735056335
735056678
735056925
735057416
735058996
735059339
735061103
735062433
735063172
735064362
735064400
735064723
735067644
735068737
735069292
735069692
735071258
735071288
735072943
735074851
735075625
735075725
735076477
735077506
735079135
735081678
735083659
735084031
735084046
735084157
735085132
735085446
735086957
735088123
735088374
735089920
735090193
735092487
735092533
735093813
735095221
735096325
735096882
735098101
735098987
735099040
735099199
735099371
735101824
735103695
735104795
735108717
735110422
735113819
735114627
735114781
735114994
735115871
735115892
735117619
735122445
735123185
735124687
735125699
735126202
735126970
735128260
735130281
735131065
735133761
735134665
735135105
735136424
735136615
735137066
735138430
735138667
735139869
735139893
735141352
735141700
735142025
735142289
735142572
735142698
735143524
735144711
735145418
735146846
735147707
735147950
735148167
735151867
735151928
735153644
735154025
735156525
735160445
735162535
735163364
735165030
735165111
735166827
735166938
735167124
735168137
735168251
735168270
735168878
735169408
735169632
735170941
735172480
735172585
735172649
735172716
735176165
735180014
735181296
735182122
735184002
735185681
735185767
735186138
735186526
735186552
735188745
735192235
735193459
735193611
735195602
735195873
735196418
735196494
735196725
735197631
735198111
735198769
735199513
735203549
735205430
735206440
735206628
735207957
735209589
735210736
735210795
735211577
735212631
735212958
735213521
735216717
735216996
735218971
735219738
735220644
735221141
735221147
735221411
735222867
735225858
735227781
735231477
735231982
735232349
735232447
735233839
735234804
735235766
735236675
735237489
735238405
735239058
735240268
735242083
735242227
735245642
735247043
735247059
735247579
735248221
735249785
735249933
735250859
735251838
735253014
735254076
735254094
735254773
735256508
735257885
735258121
735258326
735259275
735259695
735260039
735261431
735263356
735263510
735263576
735265187
735266296
735266344
735266351
735267504
735268175
735268281
735268682
735269253
735269419
735269837
735272914
735275283
735275369
735275813
735278556
735278794
735280286
735281360
735282210
735282722
735282899
735282905
735283033
735283048
735283116
735289029
735289088
735289856
735292128
735292404
735293595
735295054
735295083
735295716
735296119
735296340
735297563
735299350
735301710
735302720
735304912
735305034
735306289
735307156
735308585
735308759
735309813
735311895
735312897
735314049
735315757
735315855
735315934
735315964
735316436
735316983
735318769
735319623
735320487
735321317
735321912
735322655
735325781
735325843
735325857
735326971
735327416
735328360
735329062
735329810
735331396
735332114
735332370
735339499
735340157
735340731
735340981
735342288
735342387
735342564
735343416
735344373
735344579
735344750
735347651
735348186
735351144
735354030
735356839
735356981
735358418
735360371
735360727
735361171
735361604
735362390
735362590
735365385
735367625
735368393
735368920
735370148
735371363
735371873
735372871
735374285
735375713
735376465
735376539
735377686
735380208
735381076
735382829
735382998
735384207
735384420
735384537
735385086
735385655
735386159
735386611
735387593
735387694
735388107
735388337
735392565
735392847
735393458
735394038
735395439
735397198
735398344
735398368
735399417
735399615
735403164
735403330
735405899
735406292
735407830
735407987
735408381
735409406
735409791
735410769
735412040
735413408
735414035
735416017
735416180
735417225
735418539
735420869
735421884
735422458
735423650
735424078
735424303
735425204
735425376
735427132
735429094
735429132
735431901
735432799
735434242
735435254
735439093
735440492
735441417
735441577
735441864
735442471
735443639
735445031
735447224
735448635
735450130
735450302
735450464
735451872
735452612
735452641
735455345
735455802
735456150
735460488
735461769
735463095
735466856
735469723
735470299
735470733
735470846
735471120
735471346
735471474
735471605
735471643
735472499
735473121
735473339
735473413
735473697
735477078
735479269
735481499
735482339
735486568
735486730
735487182
735487380
735488069
735488433
735488507
735489691
735491205
735491610
735492412
735493457
735495006
735496464
735497078
735497233
735499207
735501930
735503870
735504298
735504378
735508636
735509552
735513100
735514340
735514346
735514677
735515696
735515994
735516652
735518896
735519087
735519121
735523540
735527262
735527280
735527943
735530658
735530686
735532699
735533273
735533683
735536206
735536868
735538377
735539485
735540798
735542068
735542531
735542775
735543788
735546131
735546175
735547198
735549546
735554817
735558571
735560222
735561809
735564374
735564941
735565530
735567941
735570938
735572059
735572321
735572467
735572841
735573699
735574375
735574427
735574531
735575960
735576609
735576625
735576671
735578108
735578193
735578339
735578440
735581667
735582129
735582756
735583497
735584122
735584205
735584282
735585162
735587139
735587638
735589165
735592855
735592865
735594887
735595051
735596485
735596834
735597140
735598339
735598671
735600611
735601208
735601242
735601432
735602138
735605486
735608324
735612143
735613863
735614743
735615227
735616006
735619475
735619750
735619918
735620471
735622543
735622584
735624484
735626423
735626452
735626953
735628449
735628515
735628938
735629168
735629856
735632352
735634938
735635188
735635227
735635275
735639931
735641191
735642394
735642948
735643285
735643405
735643750
735646399
735646703
735647352
735647780
735648310
735648760
735649808
735651077
735651525
735652554
735653929
735653949
735655457
735656173
735656722
735657286
735657858
735658418
735658931
735658941
735659549
735662316
735662815
735663149
735665459
735665793
735667604
735669154
735670273
735671629
735672271
735673115
735673327
735673892
735678236
735682210
735683882
735684035
735685335
735686010
735687284
735687388
735688085
735688919
735689878
735693705
735695274
735700608
735700883
735702307
735704769
735704997
735706686
735707362
735707427
735709317
735710398
735711447
735712675
735712954
735713737
735713988
735715211
735715356
735716063
735717933
735718895
735719062
735721908
735723163
735724574
735725835
735729664
735730475
735730489
735731936
735735844
735735959
735736166
735736597
735742358
735743479
735744196
735745081
735747004
735748921
735749348
735750846
735751361
735751842
735753620
735754437
735755435
735758969
735760003
735760672
735767843
735768251
735769830
735771818
735773782
735775392
735776864
735777386
735778077
735778942
735780684
735781022
735782351
735784477
735784522
735784723
735785205
735785344
735785402
735786136
735786804
735787624
735788349
735789238
735789560
735791307
735796308
735796409
735796667
735797308
735798588
735798663
735800117
735801459
735801496
735802187
735803150
735803856
735803975
735804813
735805252
735805382
735806453
735806583
735809728
735811008
735811526
735812192
735813089
735813453
735813855
735815011
735816626
735816878
735817681
735819497
735819729
735822732
735823983
735826490
735827107
735827507
735828939
735829569
735831315
735832239
735834777
735835803
735836008
735836814
735837561
735840985
735842636
735843707
735844819
735845929
735846136
735847210
735848483
735849015
735851067
735853770
735853998
735855273
735855466
735855910
735856035
735856071
735856080
735857644
735858172
735862589
735863281
735865014
735866242
735868828
735868909
735869599
735870886
735872275
735872468
735873146
735873308
735873925
735874748
735876482
735877670
735883091
735883092
735884571
735884662
735886378
735886994
735889086
735891386
735892026
735892349
735893365
735893429
735893643
735893774
735893859
735894876
735895347
735895392
735897178
735897527
735898425
735898851
735900616
735900742
735902506
735905987
735907081
735912351
735912684
735912938
735913384
735913730
735914694
735916036
735916854
735917740
735918569
735920629
735920703
735920734
735920778
735921661
735921972
735922569
735923685
735924082
735925074
735925143
735926749
735928590
735931532
735933007
735934627
735935501
735937129
735937240
735937334
735938091
735941036
735941088
735941399
735942063
735943564
735944762
735945059
735945443
735946318
735946596
735947387
735948114
735950426
735951906
735952538
735954872
735954899
735956728
735959117
735959188
735960431
735962432
735962749
735963475
735963548
735966094
735967174
735968780
735968838
735968998
735976458
735976738
735976853
735979227
735981110
735983177
735983748
735986048
735988081
735988179
735989198
735989420
735989932
735990100
735990750
735991226
735993982
735995846
735995927
735996354
735996820
735997624
736002118
736004368
736004962
736005864
736007105
736007599
736009012
736010563
736010684
736013353
736013489
736014068
736015749
736016303
736018127
736019910
736020153
736021360
736022355
736022685
736025673
736026099
736027925
736028757
736031891
736032485
736032569
736032732
736034010
736034083
736034227
736034954
736036948
736039145
736040910
736041001
736041597
736043445
736043572
736044382
736044726
736046452
736048742
736049988
736051018
736051140
736052180
736053664
736054654
736054858
736057879
736058751
736059171
736062984
736063948
736064219
736064492
736066283
736067047
736068763
736069048
736072134
736073197
736074749
736075909
736076799
736077324
736078219
736078709
736079030
736080730
736081211
736082007
736084469
736085248
736085369
736085804
736086258
736086307
736087744
736087885
736088741
736091925
736094372
736094424
736096422
736097378
736097687
736098019
736100663
736101727
736102853
736103081
736103424
736104342
736104352
736104418
736104540
736105802
736106578
736109129
736110585
736110602
736111502
736111602
736114317
736114528
736115812
736115861
736116889
736117683
736119014
736119503
736119880
736120344
736121588
736122277
736125393
736125498
736125964
736126412
736126489
736127413
736128395
736129615
736130814
736131250
736131858
736132476
736133856
736134005
736135438
736136027
736137858
736138272
736138486
736138565
736139751
736140964
736140981
736141587
736143286
736144316
736144557
736144967
736146529
736147431
736149881
736153389
736153753
736154692
736155960
736156623
736156742
736157193
736157408
736157576
736159324
736159550
736159794
736163230
736163537
736164466
736164472
736164891
736165485
736167152
736171995
736173628
736173878
736177059
736177991
736180921
736181391
736181728
736182447
736184957
736186138
736187486
736188655
736189087
736189088
736189153
736189164
736191051
736192175
736193369
736194520
736199320
736201788
736202732
736204519
736205777
736205838
736206735
736208025
736210546
736210671
736210812
736211093
736211910
736212769
736213443
736214436
736217305
736219290
736220989
736221128
736223221
736224568
736225305
736226316
736227094
736232051
736232442
736232508
736233803
736234122
736238027
736240046
736240089
736240393
736244178
736245230
736247283
736247643
736248078
736248497
736249951
736251728
736251845
736252591
736253343
736253465
736255873
736256552
736256713
736256954
736257328
736261193
736263905
736266414
736266934
736269559
736270071
736271886
736274749
736275381
736275799
736275800
736276324
736276329
736277423
736277451
736280647
736281477
736282549
736283381
736285424
736286108
736286115
736286469
736287205
736287265
736289691
736290218
736290238
736290400
736290819
736291407
736292155
736293937
736296538
736297529
736297755
736298829
736300702
736303949
736304545
736304974
736306082
736306325
736308742
736309092
736309123
736311044
736312438
736313368
736313588
736315269
736315856
736316054
736317946
736319027
736319853
736323540
736323731
736324249
736324656
736324982
736326376
736326544
736327118
736327151
736328409
736328801
736329234
736330276
736331659
736331842
736331930
736332129
736334045
736334201
736336693
736336757
736337762
736338018
736338945
736339674
736340144
736341285
736342084
736342623
736342746
736343518
736344406
736345962
736346587
736347715
736349580
736349740
736351544
736352061
736352626
736354514
736354735
736356142
736356230
736356316
736357134
736357321
736357911
736359978
736360815
736361411
736367169
736367568
736375486
736376855
736377077
736377965
736378892
736379231
736379705
736379828
736381753
736382385
736382564
736383490
736383786
736383789
736386419
736386845
736386867
736388997
736390407
736393899
736394986
736397366
736400566
736401247
736402840
736403064
736405518
736406360
736406388
736406639
736408915
736409267
736410396
736411597
736412976
736413735
736414937
736415298
736415421
736415800
736416978
736417828
736418358
736422161
736424742
736425634
736427016
736427503
736431750
736431767
736432119
736433793
736435537
736437155
736437786
736442322
736443781
736445844
736447106
736448014
736448097
736448665
736451762
736452646
736453470
736453941
736454590
736455028
736455635
736456520
736457410
736459627
736459913
736460611
736461298
736462208
736466073
736466584
736467015
736467168
736467598
736469613
736469822
736470316
736470901
736471604
736471698
736472772
736473024
736474519
736475663
736475861
736476210
736476721
736478088
736478335
736478768
736479005
736480547
736484029
736485154
736485336
736485980
736486478
736487379
736487994
736492857
736493708
736493909
736494803
736495095
736495560
736496652
736498015
736499682
736500660
736502724
736502941
736504217
736505744
736505938
736506462
736507236
736507786
736507930
736508070
736510387
736511104
736511175
736513781
736515658
736516931
736517417
736519571
736519628
736519805
736520873
736521642
736521816
736522640
736524689
736524849
736525209
736525947
736526068
736526378
736526539
736527213
736528521
736531240
736531509
736531760
736532318
736533875
736534348
736534478
736538605
736539438
736540751
736542040
736542782
736543354
736545321
736546863
736547669
736548821
736549292
736549409
736549635
736550857
736553628
736553883
736554209
736554670
736556807
736557020
736558016
736558342
736561018
736562961
736563335
736564665
736565411
736566083
736566534
736567125
736567169
736570332
736572626
736573849
736574206
736574801
736575364
736576024
736579130
736581244
736582213
736582342
736583798
736584026
736584809
736585229
736586770
736589792
736590448
736591960
736592626
736593137
736593918
736595033
736595938
736597373
736597971
736598139
736598543
736598555
736599272
736599385
736599447
736600184
736601377
736602954
736603776
736604789
736604991
736606181
736606504
736606761
736606818
736607227
736607529
736609375
736610076
736610291
736612150
736612792
736612818
736613759
736615256
736616193
736616294
736617421
736618200
736619308
736619322
736624128
736624155
736625266
736626476
736629338
736631520
736636558
736636569
736638962
736641025
736641596
736642085
736642234
736642371
736644160
736644757
736644967
736646259
736646810
736647714
736647724
736647793
736649987
736650796
736651722
736652644
736653268
736653815
736656042
736658311
736658790
736660832
736661193
736667401
736667546
736668089
736668110
736668426
736668711
736669169
736673415
736674988
736675119
736678404
736678510
736681984
736682583
736683495
736684202
736684519
736690425
736690763
736692442
736693322
736694587
736696245
736697602
736698646
736701248
736701409
736702201
736702252
736702425
736702753
736703519
736704298
736704513
736705397
736705405
736705611
736705725
736706271
736706807
736709001
736709090
736710618
736710814
736711344
736711728
736712176
736712531
736713194
736713349
736713380
736715746
736717851
736718064
736718066
736719223
736719520
736719915
736720117
736720552
736720889
736721141
736721696
736723230
736724405
736724677
736725435
736725792
736727355
736727690
736729694
736730500
736731157
736731176
736731393
736732182
736732558
736732559
736733622
736735682
736735777
736736088
736736348
736736722
736737913
736739281
736739820
736740675
736744085
736746200
736746227
736746995
736747116
736748340
736749476
736750639
736750856
736750955
736751549
736752970
736753389
736754352
736754510
736755243
736755906
736757095
736758257
736759443
736759523
736760221
736760699
736763109
736763230
736764974
736766282
736766841
736769114
736769153
736769167
736769196
736770196
736770544
736771208
736772356
736772845
736773153
736775073
736775834
736775959
736776499
736779497
736780362
736780497
736781362
736781940
736782346
736782424
736782606
736783765
736784098
736784527
736784910
736785482
736785852
736785906
736786677
736786875
736786919
736787378
736788027
736788079
736788374
736789393
736790586
736792112
736792569
736793120
736793966
736794251
736798198
736803436
736804407
736805687
736806054
736806159
736807421
736807652
736808511
736808668
736809387
736809496
736809829
736809840
736809848
736810164
736812661
736812909
736813217
736813818
736814273
736815120
736815272
736815635
736815780
736816429
736817540
736818653
736819670
736819796
736820378
736820794
736821003
736821627
736821729
736821815
736821958
736822162
736825271
736825355
736825958
736826189
736826485
736827121
736827537
736828190
736828267
736829859
736830438
736830941
736831142
736832145
736832881
736833344
736833967
736835449
736836085
736837299
736837934
736839250
736839575
736839818
736841762
736842917
736844676
736845120
736845646
736846818
736846886
736846906
736847115
736847133
736847534
736847905
736849277
736849653
736853077
736853846
736854351
736854907
736855752
736855871
736855913
736855972
736856440
736857266
736857699
736858855
736860227
736860939
736862206
736863279
736863441
736863475
736863723
736864096
736864252
736864394
736867049
736867332
736867852
736868041
736868142
736868448
736868486
736869104
736870590
736871325
736871940
736872838
736874944
736876519
736877247
736877670
736878690
736879120
736880371
736882202
736883064
736883202
736883538
736884095
736884243
736884255
736885231
736885232
736885329
736885858
736886233
736887104
736889770
736890422
736890467
736891423
736891815
736891935
736892497
736892712
736892906
736892957
736894094
736895441
736895940
736899062
736899278
736899697
736900567
736901362
736902137
736902140
736903297
736903645
736906223
736906439
736906754
736907418
736909738
736910968
736912746
736913213
736913444
736914793
736915977
736917172
736917645
736917721
736918746
736919466
736919662
736920786
736921797
736923404
736923837
736925954
736925963
736926355
736927169
736927853
736928509
736930135
736931353
736932095
736932533
736933864
736934599
736935071
736938001
736938494
736938626
736939687
736940064
736941092
736941572
736941638
736942083
736942258
736944577
736945163
736945867
736946182
736949983
736950250
736951318
736954975
736958589
736960269
736961975
736963865
736964094
736965211
736966744
736968169
736968428
736968924
736969212
736969368
736970859
736973369
736973478
736975147
736975230
736975634
736975899
736976215
736976921
736977480
736977627
736979087
736979548
736980798
736983283
736983414
736984162
736990448
736990709
736994131
736994954
736995494
736995547
736995563
736997687
737001134
737002664
737002710
737003615
737003945
737004584
737008851
737009295
737009552
737009683
737010447
737011296
737011422
737011467
737012389
737012562
737013297
737013402
737014060
737015983
737016115
737016160
737016176
737016243
737016733
737017243
737017551
737018798
737019072
737019461
737019704
737020549
737021923
737022033
737023746
737025218
737028125
737029069
737030984
737031350
737032783
737033040
737035049
737035383
737035724
737035934
737036035
737036639
737036735
737037427
737039207
737039361
737040304
737040354
737040662
737041521
737042370
737042529
737042817
737043462
737043667
737046332
737047103
737047487
737048063
737050368
737050690
737050984
737051442
737052350
737052582
737053099
737054556
737055292
737055344
737055747
737057853
737058877
737059714
737061851
737062494
737063198
737064301
737067028
737067138
737067690
737069136
737069501
737071981
737074951
737075712
737076102
737076285
737078505
737080555
737081092
737081331
737082698
737084476
737084993
737085718
737087685
737087832
737091610
737092008
737093924
737095711
737095980
737097169
737097966
737098010
737099215
737100325
737100814
737100913
737102521
737103381
737103738
737104602
737104768
737106455
737106641
737110335
737110795
737114097
737114159
737114819
737115246
737115495
737116213
737117417
737119023
737119146
737119744
737119842
737120887
737121069
737122002
737122191
737122408
737122670
737124008
737124320
737125014
737126104
737126394
737126678
737129399
737129588
737129626
737130324
737132624
737134181
737136710
737137145
737137861
737137958
737138703
737140205
737140850
737141122
737142027
737142134
737142845
737143024
737145079
737145771
737145810
737145939
737149250
737149274
737150232
737150247
737150515
737151628
737153362
737155264
737156351
737157693
737158894
737162336
737163902
737164102
737165098
737168296
737168930
737168939
737169438
737170349
737170480
737171202
737171524
737173778
737173852
737174435
737175319
737178323
737179864
737179967
737181002
737182751
737186217
737188603
737188767
737189455
737189564
737190785
737191086
737191175
737192750
737194877
737195210
737196160
737197281
737198726
737200124
737202334
737204148
737208039
737208273
737211274
737212711
737212804
737214270
737215783
737219618
737220722
737220744
737220998
737221168
737223161
737223174
737224693
737226258
737226817
737228282
737229635
737231362
737234087
737236979
737237509
737239591
737240085
737240191
737241429
737246420
737248492
737248803
737250110
737251753
737252991
737253135
737254522
737255368
737255672
737255902
737258833
737260572
737260720
737262027
737262101
737263036
737263165
737263674
737264794
737265102
737268404
737268587
737270961
737276413
737276993
737277558
737278789
737279703
737280947
737281382
737281512
737283860
737284377
737291068
737293472
737298847
737299748
737300895
737301723
737304923
737305286
737305291
737306309
737307775
737309010
737309037
737309750
737312536
737312831
737314379
737315824
737316285
737317703
737318124
737318137
737319163
737320407
737322074
737322843
737323163
737324158
737325378
737326420
737327102
737327899
737328757
737329030
737329394
737329512
737329544
737329797
737334118
737335821
737335934
737337469
737339364
737339548
737340499
737341481
737346639
737347215
737348361
737348430
737348583
737352860
737353382
737353677
737353785
737354485
737356894
737360148
737360312
737360447
737360992
737361950
737362309
737364617
737369337
737369989
737371694
737372845
737373889
737375060
737376342
737377610
737377620
737378096
737378812
737381746
737382172
737382724
737382936
737383039
737384616
737384741
737385493
737386968
737387864
737392033
737393363
737394281
737395081
737401667
737403650
737403679
737403869
737404285
737406135
737406376
737407557
737408087
737408249
737408407
737409122
737409467
737409565
737410380
737410386
737410590
737410752
737411523
737411615
737413365
737414033
737414070
737416200
737416617
737416879
737417396
737417938
737418793
737419300
737419365
737420074
737420236
737421564
737421685
737422136
737422275
737422309
737423042
737423726
737425745
737426164
737427003
737427803
737428853
737429296
737430711
737430925
737435392
737435702
737435850
737436791
737436870
737437081
737438013
737438258
737439241
737439289
737439324
737439544
737439648
737441659
737441723
737441821
737442198
737443056
737443067
737443178
737443466
737448178
737448200
737448512
737448782
737449233
737449484
737449696
737450196
737450403
737450709
737451223
737452015
737454363
737454369
737455036
737456277
737457905
737458492
737458691
737459367
737459961
737460610
737462707
737463445
737463509
737464232
737466260
737468789
737470952
737472715
737472764
737473386
737473859
737474933
737474966
737476424
737477432
737477848
737478395
737479122
737480631
737483316
737484409
737485042
737485084
737485783
737486158
737486231
737486350
737486420
737486430
737486601
737487074
737487864
737487897
737487964
737488897
737489379
737490339
737493066
737494080
737494484
737494705
737495871
737495966
737501877
737502465
737509491
737509792
737510016
737512028
737513393
737513536
737514404
737514571
737516059
737521396
737523393
737524748
737526546
737527631
737530973
737531071
737531240
737531832
737532359
737534194
737535445
737535705
737535739
737537350
737537528
737538712
737539517
737542375
737542567
737542829
737543076
737545660
737546406
737548917
737549281
737552163
737556174
737556580
737557232
737563254
737565708
737569970
737571055
737571135
737571793
737572765
737572918
737573318
737573386
737575509
737577008
737577217
737578784
737578788
737580838
737581468
737583280
737583723
737584388
737584563
737584793
737587784
737588496
737588567
737590353
737590520
737591680
737593176
737596516
737596529
737597286
737597697
737598095
737598287
737600996
737601616
737601676
737601812
737601860
737606558
737606997
737608599
737609417
737614211
737617502
737620512
737620915
737624197
737625144
737627452
737628672
737628913
737629714
737631055
737631578
737633132
737633155
737637490
737637565
737640801
737640839
737641162
737642413
737643213
737643456
737643626
737645570
737646183
737646520
737647981
737648203
737649614
737651508
737651860
737653009
737653459
737656821
737658660
737660240
737660447
737669635
737670125
737672166
737672232
737672995
737673005
737673824
737674752
737674909
737675283
737676639
737679329
737679683
737680635
737681638
737681721
737683554
737686861
737688472
737689204
737689567
737690654
737692416
737694537
737696229
737696506
737697665
737698315
737700581
737700653
737700816
737702139
737702316
737703583
737705376
737708158
737708518
737709030
737709145
737709278
737709662
737709668
737709833
737712373
737713976
737714754
737715559
737716038
737719876
737720437
737721996
737724070
737724089
737724772
737724994
737728306
737733404
737733823
737737240
737738035
737739163
737739518
737740550
737742297
737742712
737743542
737744621
737744680
737746295
737747422
737747438
737747805
737748062
737749056
737749227
737749735
737750098
737751084
737751357
737753091
737754050
737754597
737756031
737756684
737758389
737759157
737759938
737763037
737763627
737764356
737765446
737765785
737767255
737775718
737776594
737776985
737778478
737784523
737785133
737785429
737787500
737787961
737789865
737790197
737790860
737791367
737792248
737792296
737794513
737794943
737795763
737795841
737797483
737799186
737799496
737801585
737801981
737802932
737803738
737804078
737805652
737807256
737809143
737809270
737810359
737811478
737812149
737812235
737815232
737815901
737816514
737816736
737817476
737820442
737821734
737823489
737824216
737828082
737828340
737828501
737828577
737829050
737829094
737829246
737830763
737831531
737832085
737832825
737835421
737837496
737840033
737840083
737840448
737840481
737840674
737840719
737840988
737845017
737845291
737846838
737846953
737849753
737851034
737852917
737860995
737864397
737864504
737864567
737865271
737867076
737867851
737869186
737870415
737870501
737870594
737871245
737871917
737873522
737874166
737874745
737875969
737877543
737877560
737878272
737879617
737879958
737880417
737880490
737882422
737882665
737883738
737883919
737885166
737885702
737887533
737887901
737898523
737898644
737899714
737902691
737903689
737905725
737909374
737911452
737914910
737915544
737916650
737919506
737927665
737930530
737931779
737941469
737941773
737942039
737945774
737945932
737946485
737958074
737959827
737959860
737960084
737963342
737964112
737964899
737967155
737980542
737993001
737993297
737997762
737999456
738001910
738002031
738003649
738007287
738007506
738007895
738008074
738008108
738015017
738015031
738016330
738018194
738019450
738019854
738019964
738020046
738023528
738027436
738028204
738030658
738035680
738035689
738036020
738038762
738040035
738045367
738047436
738048169
738048661
738048957
738049127
738052380
738052634
738053299
738054318
738061363
738062057
738065532
738066456
738068784
738071333
738071391
738078367
738078433
738083397
738089345
738090958
738093142
738096727
738098283
738099417
738100094
738100942
738102105
738102453
738104316
738106095
738106277
738108040
738109650
738112260
738115347
738118446
738118603
738121074
738121549
738121787
738124376
738125765
738126762
738127898
738128386
738128618
738130231
738130541
738131881
738132425
738133352
738133746
738135463
738135487
738136062
738138674
738140077
738140957
738143133
738143302
738147605
738150133
738150563
738152056
738153754
738158434
738160883
738160992
738161950
738167124
738168526
738168531
738168742
738169300
738172709
738173786
738177026
738177317
738180187
738180460
738182126
738182145
738182947
738184392
738185359
738187007
738187532
738187682
738187920
738192464
738193398
738196428
738197928
738199392
738200438
738201743
738202924
738205375
738206403
738207494
738210388
738211647
738212059
738212278
738213547
738215360
738215622
738216540
738217989
738218594
738220268
738220983
738221943
738222508
738223579
738224105
738227102
738228474
738229078
738229328
738230687
738231325
738233415
738233655
738234358
738234396
738235040
738235286
738235923
738237975
738238379
738238391
738242731
738245040
738246236
738251483
738252814
738253780
738255718
738255810
738256175
738256353
738256513
738256576
738258618
738258709
738261483
738261809
738263793
738268447
738269010
738270956
738271767
738272920
738273913
738274297
738276032
738276927
738278292
738278757
738278902
738279300
738281768
738281949
738282660
738282714
738285084
738285146
738285949
738291765
738293393
738295934
738299251
738305569
738306984
738312232
738315178
738315857
738316090
738317209
738317865
738319287
738321061
738321442
738322763
738323367
738324522
738325053
738325751
738326151
738329026
738329221
738330087
738331553
738334123
738338067
738338545
738338846
738339003
738341205
738342186
738342331
738343677
738345175
738347930
738353363
738354125
738354615
738354650
738358022
738362288
738365162
738366594
738367486
738368064
738368387
738368599
738369019
738372762
738373511
738373991
738374586
738377490
738378269
738378294
738379445
738380921
738396157
738396501
738396975
738398019
738399042
738399162
738399839
738402855
738403235
738403319
738405291
738405416
738406231
738409422
738411756
738412610
738413588
738413973
738414676
738416497
738417334
738418478
738418845
738419069
738419310
738420564
738420995
738423618
738424786
738425955
738426208
738427910
738428462
738430070
738430486
738433841
738436800
738439700
738440675
738441078
738441315
738442790
738443374
738447295
738447870
738450975
738451766
738451796
738453139
738454123
738455263
738456017
738457379
738460811
738461479
738461495
738461920
738461988
738462702
738462934
738463068
738463809
738465949
738466152
738466214
738466346
738468213
738468235
738471185
738474857
738475305
738476132
738479518
738479937
738481586
738481927
738481946
738482527
738483063
738485337
738487418
738487814
738488012
738488197
738488201
738488610
738488770
738490430
738494351
738494736
738496237
738496441
738499679
738500170
738500184
738500732
738501221
738503937
738504809
738506300
738506569
738506581
738509910
738510633
738511567
738511770
738512155
738514526
738514620
738515937
738517341
738517652
738517874
738519784
738520350
738520371
738521830
738521949
738521977
738522135
738522632
738524815
738525099
738526873
738528621
738529258
738529882
738530103
738530988
738533095
738533824
738534161
738535584
738535983
738536923
738537149
738539525
738539629
738539648
738540466
738540957
738542139
738544385
738545088
738545608
738546852
738548199
738548464
738548821
738551125
738551311
738551373
738551377
738551381
738551619
738552343
738553294
738554886
738556713
738557485
738558166
738560781
738563596
738566014
738566717
738567228
738567562
738568176
738569892
738574108
738574254
738576771
738579167
738579875
738581977
738582447
738583297
738586376
738589770
738591394
738591521
738593406
738593902
738595448
738595883
738596624
738600559
738600619
738600884
738601123
738601352
738601748
738603639
738604167
738604715
738604990
738605662
738605901
738607515
738607561
738607955
738608085
738608316
738610100
738614520
738614911
738617911
738618757
738620171
738620187
738620204
738620252
738620442
738622532
738623146
738623300
738624295
738625366
738627753
738629804
738632155
738632855
738633055
738633828
738635092
738638690
738639776
738640288
738640683
738641067
738642045
738642599
738643700
738645022
738645863
738647297
738648966
738651432
738652751
738653124
738653177
738654600
738656637
738658495
738662722
738664340
738670529
738671017
738671122
738671184
738671188
738673325
738674277
738674955
738675325
738676272
738677615
738679311
738680281
738680431
738682788
738682907
738683018
738684177
738686077
738686172
738686628
738687982
738690130
738690852
738691234
738692406
738694919
738697936
738699468
738700785
738701196
738702844
738702883
738703177
738704147
738704615
738706551
738706838
738708862
738709108
738710553
738710646
738711421
738711582
738711822
738713440
738714027
738714042
738714116
738714712
738716124
738717205
738718412
738719025
738719733
738720162
738721413
738723922
738724941
738726839
738729955
738730152
738730619
738731065
738731800
738731864
738732300
738733053
738734833
738735762
738736503
738736799
738738019
738738955
738740827
738742055
738745178
738746016
738746614
738749178
738749722
738749799
738750904
738752577
738753236
738754661
738757607
738758901
738762537
738763321
738764813
738765300
738765833
738768141
738769177
738771355
738773005
738773065
738774675
738780400
738781855
738784133
738787926
738788956
738789184
738797200
738797725
738798450
738798504
738802154
738802698
738804253
738804794
738804993
738805267
738805565
738807006
738808147
738808749
738809819
738810135
738810515
738810938
738811721
738812253
738812368
738812663
738813665
738814758
738815370
738815867
738816177
738816212
738816295
738817573
738817852
738818454
738818936
738819304
738820071
738821415
738821670
738821715
738821941
738822319
738823190
738824065
738824729
738825540
738826041
738829775
738830642
738830902
738831378
738831379
738831537
738831724
738833408
738833459
738833539
738834461
738834695
738834880
738835124
738836928
738837760
738838126
738838251
738838539
738838623
738839766
738839790
738840277
738840297
738840600
738841025
738841482
738841582
738842135
738842787
738842835
738843171
738844239
738844259
738846883
738848242
738848565
738848982
738849374
738849495
738850260
738850498
738851086
738851285
738851989
738852161
738853906
738854322
738854626
738856486
738856695
738856886
738857079
738858051
738858089
738858270
738858350
738858625
738859149
738859975
738860292
738861189
738861350
738861778
738862248
738862332
738862891
738863544
738864493
738864605
738865535
738867549
738869221
738869275
738870758
738870937
738871153
738871519
738871639
738872837
738874616
738874913
738875462
738876893
738877262
738877833
738879161
738879731
738879818
738890320
738890510
738890535
738891023
738891138
738891390
738891674
738891869
738892186
738892285
738893006
738893822
738893856
738894095
738894536
738894725
738895072
738895123
738896177
738896390
738896694
738897011
738897200
738897232
738897992
738898641
738899019
738899241
738900349
738900472
738900953
738901705
738902984
738903236
738903605
738904454
738904785
738905281
738905510
738905896
738906275
738906525
738906714
738906759
738907835
738907860
738908139
738908589
738908896
738909754
738910221
738910832
738911334
738911582
738912318
738912955
738914029
738914223
738914781
738914807
738914832
738915007
738915102
738915403
738915976
738916269
738916327
738916968
738917563
738918097
738918603
738919341
738919415
738920013
738920637
738921079
738921427
738922042
738922553
738922816
738923664
738924409
738924531
738924800
738925486
738925610
738925662
738926063
738926137
738926405
738927119
738927161
738927614
738927763
738928090
738928530
738928692
738928961
738929358
738930598
738931385
738931422
738933036
738933052
738933605
738933932
738934038
738934370
738934743
738935010
738935356
738936780
738937911
738938110
738938224
738939008
738939085
738939464
738939724
738939914
738940327
738942490
738942668
738943079
738944368
738944553
738945216
738946374
738946679
738946700
738947178
738947907
738948007
738949674
738950094
738950643
738950678
738950796
738951099
738951210
738951308
738952783
738955042
738955918
738956046
738956069
738956396
738956614
738956862
738956916
738957323
738958714
738959275
738959468
738960084
738960571
738960623
738960723
738961320
738962069
738963496
738963560
738963591
738963733
738963781
738964102
738964158
738965946
738966009
738966190
738967752
738969467
738970235
738970322
738970724
738970916
738971710
738972492
738972703
738973647
738974652
738974953
738975321
738975643
738975744
738975882
738975895
738976756
738976879
738976987
738977973
738978213
738978255
738978741
738978881
738979076
738979451
738979843
738980188
738981023
738981703
738982795
738983050
738983208
738983459
738983713
738984100
738984600
738985165
738985369
738985914
738986162
738987828
738987932
738990668
738991319
738991446
738991765
738992530
738992554
738992812
738993592
738993821
738994195
738994518
738994823
738994987
738995338
738995366
738995753
738996650
738997823
738998229
738998502
738998950
738999372
739001903
739002089
739003089
739003833
739003917
739004294
739005115
739005770
739006497
739008116
739008279
739008366
739008389
739008867
739009316
739009686
739009765
739010256
739010278
739010653
739011434
739011498
739011681
739011767
739012199
739012254
739012382
739012799
739013020
739013221
739013778
739013852
739014429
739015073
739015187
739015191
739015564
739015890
739016067
739016306
739016406
739017550
739017590
739018198
739019437
739020787
739021429
739021574
739021928
739022861
739023735
739023889
739024441
739024453
739024809
739024906
739024981
739025176
739025329
739025591
739025668
739026408
739026935
739027731
739029140
739029472
739029653
739030066
739030783
739031770
739032687
739032968
739033294
739033758
739034356
739034864
739034868
739034899
739035505
739035735
739035855
739036804
739036885
739036923
739037328
739037733
739038240
739038300
739038391
739038401
739038740
739038806
739039651
739040020
739040171
739040193
739040553
739041295
739041487
739041907
739042025
739042315
739042384
739042830
739042908
739042942
739043758
739044572
739045702
739046310
739048613
739049720
739049797
739051865
739052371
739052539
739053671
739053798
739053801
739054013
739054063
739054607
739054788
739054990
739055045
739055185
739055229
739056193
739056291
739056577
739057503
739057553
739058601
739058688
739059097
739059227
739059236
739060002
739060116
739060185
739061366
739061407
739061507
739061799
739062674
739063144
739063296
739064732
739066154
739066358
739066886
739066942
739067347
739067535
739068194
739068843
739068932
739069792
739070118
739070285
739071216
739071374
739071488
739071707
739071896
739071929
739071974
739072188
739072207
739072873
739072875
739073063
739073292
739073466
739073525
739073717
739074032
739074304
739075350
739075882
739075933
739076101
739076196
739076821
739077562
739077608
739078423
739078489
739078675
739078678
739078958
739079304
739079387
739079690
739080382
739080462
739080475
739080598
739081351
739081661
739082049
739082241
739082878
739083580
739083798
739083826
739084044
739085023
739085320
739085944
739087176
739087395
739088207
739088235
739089566
739090257
739091458
739092313
739093116
739094442
739094793
739094827
739095125
739095543
739096371
739096575
739096679
739096716
739097420
739099225
739100753
739100964
739102265
739102371
739103094
739104624
739105175
739105800
739106268
739106409
739106496
739106502
739106687
739106856
739108023
739109143
739109230
739109316
739109426
739109848
739110184
739110605
739110684
739113134
739113356
739113468
739113593
739113789
739113971
739114649
739114878
739114934
739117650
739118458
739119056
739119400
739120239
739120416
739120512
739120726
739120745
739122003
739124103
739125070
739126042
739126367
739127218
739127404
739129176
739129623
739130457
739130828
739131190
739132259
739132395
739133093
739133181
739134225
739134470
739135165
739136483
739136573
739136629
739136703
739137057
739137440
739137763
739138174
739138349
739138419
739139523
739139645
739140147
739140184
739141071
739141958
739142005
739142174
739142371
739142669
739142748
739144312
739144578
739144732
739145884
739146101
739146583
739146851
739146896
739147484
739147674
739147952
739148072
739148143
739148285
739148298
739149095
739149279
739149656
739149852
739152343
739152779
739153389
739153759
739154061
739154155
739155260
739155310
739156623
739157010
739157131
739158547
739158573
739158975
739159013
739159237
739159446
739159483
739159649
739159731
739159843
739160298
739160774
739160931
739161062
739161520
739161578
739161709
739162218
739162358
739162604
739162687
739163309
739163632
739164293
739164387
739165272
739165419
739166427
739166978
739167042
739167187
739167330
739167347
739168108
739168589
739168696
739169218
739169442
739171024
739171104
739171336
739172005
739174516
739175158
739175619
739178212
739179647
739179780
739179813
739179846
739179932
739180504
739181602
739182191
739182379
739182874
739183073
739183098
739183404
739183579
739184567
739184596
739185325
739186801
739187652
739188128
739189470
739200450
739201330
739204075
739205252
739205452
739205579
739206337
739207130
739207240
739207495
739207601
739208539
739209065
739209131
739209523
739210076
739210237
739211951
739211987
739212802
739212825
739212995
739213163
739213746
739213873
739213916
739214772
739214797
739215715
739216057
739218741
739218747
739219567
739219731
739220410
739220798
739221734
739221895
739223833
739224175
739224913
739224951
739225092
739226261
739227938
739228332
739229192
739229908
739230121
739230126
739230513
739230945
739231063
739231546
739232174
739232869
739233073
739237090
739237504
739238116
739238360
739238639
739238971
739238976
739239284
739239358
739240335
739240827
739240931
739241276
739241439
739241458
739241762
739241847
739242403
739243611
739244254
739244657
739245038
739245520
739246595
739247898
739248179
739249011
739249099
739249332
739250106
739250690
739251911
739252610
739252897
739253104
739253260
739253845
739254069
739254886
739254952
739256425
739257990
739258423
739258597
739258765
739259609
739261103
739261172
739261176
739261485
739261516
739263082
739263967
739264056
739264306
739264578
739264844
739265193
739265257
739266300
739267174
739267649
739268215
739269700
739270815
739271061
739271906
739272685
739273053
739273300
739275009
739275039
739276062
739276149
739277199
739277539
739278539
739278835
739279526
739281018
739282678
739283095
739283170
739283361
739283499
739283739
739284946
739286432
739287224
739287241
739288962
739289737
739289745
739289944
739290620
739290707
739290724
739291034
739292013
739293076
739293746
739294019
739294144
739294697
739295365
739295429
739296267
739297635
739297692
739297731
739298778
739300358
739300460
739300516
739300576
739300792
739301051
739301442
739302533
739303589
739304351
739304704
739304836
739304997
739305280
739305487
739305823
739305965
739306116
739306271
739306762
739307761
739308366
739308453
739308711
739308796
739309233
739309423
739309663
739309723
739310056
739310102
739310560
739311300
739311729
739312690
739312809
739314145
739314932
739314985
739316831
739316853
739317487
739318024
739318359
739318610
739318690
739320016
739320148
739320332
739321097
739321156
739321736
739322511
739322523
739322929
739323603
739323748
739323761
739324766
739325427
739325532
739325979
739326679
739328359
739329549
739329582
739330521
739330820
739330919
739331372
739331442
739331592
739332623
739332678
739332797
739334058
739334059
739335193
739335627
739335869
739335929
739336134
739338489
739338780
739338906
739339430
739339670
739339716
739340550
739340648
739340724
739340764
739341647
739342113
739342525
739343527
739343853
739344805
739345080
739345445
739345725
739346271
739346370
739347167
739347184
739347338
739347571
739348029
739348370
739348646
739348715
739349585
739349673
739350365
739350648
739351086
739351521
739351543
739351563
739351585
739351882
739352388
739353299
739353345
739354357
739354721
739354861
739355492
739356700
739356826
739357112
739357368
739358100
739358673
739358691
739358826
739359667
739359921
739361200
739361649
739361694
739362313
739362578
739363065
739363477
739365184
739365460
739365693
739366144
739368424
739368433
739368732
739369213
739371399
739372073
739372530
739372875
739373184
739374523
739374566
739374775
739374794
739374968
739375080
739375566
739375575
739376595
739376706
739376813
739377381
739377383
739377852
739378480
739378672
739378892
739379265
739381183
739381379
739381533
739382728
739382808
739383584
739384373
739384824
739385003
739385872
739386411
739386521
739386748
739386859
739387030
739387478
739387866
739388252
739388621
739389439
739389697
739390112
739390173
739390817
739390879
739391386
739391727
739392304
739393681
739393740
739393809
739394285
739394451
739395798
739395897
739397064
739397546
739397592
739398473
739398910
739399017
739399355
739399460
739405500
739405507
739405814
739407095
739407270
739407307
739407835
739408018
739408259
739408603
739408817
739409055
739409634
739410164
739410181
739410433
739411462
739411507
739411750
739413316
739414298
739414328
739414923
739414924
739414957
739415440
739415944
739417541
739418192
739418209
739418383
739418596
739418702
739419318
739419674
739420288
739421098
739421877
739421928
739423141
739423510
739424169
739424454
739424500
739424731
739426034
739426598
739426841
739428214
739428291
739428713
739429001
739430059
739430096
739430982
739431141
739431267
739432459
739432526
739432767
739432907
739435560
739436068
739436443
739438491
739438796
739439862
739440248
739440559
739442003
739442764
739442879
739445426
739445698
739446020
739448909
739449297
739449305
739449568
739449887
739450239
739450462
739450479
739450532
739452625
739452961
739453156
739453250
739453674
739453863
739454060
739454308
739454816
739455070
739455139
739455279
739456514
739456892
739456909
739457956
739458235
739458836
739458963
739459303
739460406
739460541
739460554
739460767
739460843
739460964
739461323
739461638
739462162
739462170
739462919
739463105
739463578
739464662
739465067
739465176
739465452
739467248
739467397
739468159
739468550
739469230
739469270
739469336
739469528
739469931
739470269
739470623
739470836
739470924
739471510
739471702
739471745
739471951
739473161
739473464
739474013
739474964
739475007
739475129
739475478
739475702
739475802
739476092
739476428
739476710
739477875
739478441
739478531
739479072
739479131
739479406
739479543
739479938
739480298
739480587
739480636
739480691
739480872
739481069
739481219
739481381
739482277
739483027
739483620
739484110
739484259
739484409
739484791
739485049
739485053
739485239
739485570
739485660
739485794
739485825
739487013
739487043
739487954
739488784
739489228
739489250
739490762
739490771
739490819
739491826
739493295
739494563
739495318
739495434
739495579
739495796
739496760
739497626
739498831
739498965
739499028
739499747
739499834
739500168
739500664
739501246
739501274
739501770
739502161
739502694
739503526
739503778
739503894
739505597
739506325
739506440
739506826
739507075
739507189
739508359
739508396
739508458
739508511
739509104
739509229
739509306
739510177
739510388
739510501
739510668
739510696
739510800
739511719
739512442
739512669
739512931
739513557
739514164
739515062
739515074
739515305
739515429
739515720
739516123
739517105
739517201
739517330
739517350
739517477
739517557
739517734
739518324
739518677
739519571
739519790
739520636
739520673
739520921
739521229
739521529
739522055
739522368
739522441
739522590
739522648
739522669
739522714
739522904
739523307
739523676
739523823
739523971
739524141
739524422
739525480
739526131
739526360
739526384
739526420
739526995
739528066
739528793
739529101
739529591
739529792
739530717
739530903
739531007
739531454
739531704
739534014
739534149
739534357
739535186
739535423
739535641
739535680
739535831
739536068
739536073
739537070
739537839
739537902
739539006
739539114
739539865
739540938
739541255
739541682
739541714
739542057
739542108
739542193
739542661
739543520
739543853
739544290
739544303
739544521
739544969
739545172
739545542
739545843
739546344
739546648
739547050
739547828
739547985
739548121
739548919
739549754
739549855
739549949
739550285
739550449
739550494
739550624
739550708
739550913
739551903
739552190
739552504
739552842
739553035
739553255
739553485
739553806
739554161
739554959
739554964
739556287
739556484
739556932
739557602
739557820
739558002
739558228
739559023
739559629
739559715
739559770
739561559
739562207
739562460
739563050
739565039
739565272
739566479
739567659
739568443
739568452
739569318
739569796
739570044
739570359
739570857
739572471
739573136
739573185
739573718
739574291
739574573
739575103
739575721
739577261
739577540
739578253
739578569
739579468
739579738
739579744
739581819
739582539
739582924
739584003
739584245
739585538
739585773
739586504
739587010
739587627
739587689
739587881
739588510
739589163
739589340
739589453
739589663
739589887
739590960
739591063
739591248
739591754
739592839
739593127
739593361
739593682
739595033
739595294
739596955
739597293
739597327
739598123
739598164
739598762
739601068
739601163
739601312
739602251
739602978
739603163
739603715
739603783
739604318
739604345
739604946
739605259
739605591
739605928
739606709
739606993
739608789
739608791
739608911
739608968
739609234
739609828
739609947
739610283
739611458
739611681
739612382
739612876
739614095
739614786
739614863
739616743
739616817
739617174
739617701
739617741
739618440
739618729
739618806
739619493
739619771
739619964
739620980
739621269
739621381
739621558
739621706
739622778
739623476
739623544
739624286
739624600
739625462
739625527
739625790
739626791
739626914
739627060
739627064
739627208
739627816
739628269
739628453
739628542
739628622
739628721
739629691
739630181
739630290
739630596
739630628
739630691
739631390
739632128
739632426
739632740
739632820
739633458
739633591
739633757
739633852
739634794
739636115
739636646
739636780
739636810
739636854
739637503
739637953
739638288
739638546
739638694
739639010
739639574
739640187
739640324
739641150
739641945
739643018
739643205
739643435
739644596
739646648
739646747
739646862
739647602
739648189
739648360
739648849
739648860
739649850
739650034
739650113
739650520
739650528
739650776
739651264
739651763
739652718
739653548
739653757
739655786
739656070
739656272
739656498
739656630
739656746
739658678
739658714
739659148
739659300
739660422
739662142
739662172
739664067
739665349
739665767
739668940
739670386
739670600
739670764
739671143
739672338
739673138
739673250
739674117
739674820
739674889
739675313
739675479
739675662
739678021
739679239
739679258
739681358
739682486
739683360
739683534
739683867
739684196
739684865
739684913
739686221
739686346
739686422
739686501
739686537
739687934
739688571
739689435
739689639
739689879
739690146
739690395
739690626
739690734
739691093
739691301
739691456
739691460
739692093
739692528
739692958
739693196
739693884
739693914
739694400
739695358
739697245
739697492
739698823
739698910
739699020
739699076
739699243
739699253
739699413
739700906
739700971
739701120
739701460
739701778
739701946
739702791
739702956
739703123
739703539
739703909
739704214
739704759
739705549
739705770
739706457
739706759
739707215
739707392
739707846
739708153
739708483
739708993
739709011
739709101
739709107
739709109
739709415
739709495
739709571
739710076
739711279
739711784
739712068
739713164
739713725
739713827
739714481
739715402
739715909
739717243
739717814
739719052
739719851
739720067
739720251
739720367
739720493
739721041
739721373
739721823
739724348
739724997
739725195
739726254
739726319
739728136
739728392
739728745
739729356
739729671
739729692
739729985
739730100
739730835
739730912
739732687
739732723
739733973
739734453
739734869
739734935
739736273
739736398
739736981
739737042
739737100
739737151
739737315
739737316
739737849
739738170
739739043
739740299
739740405
739740968
739742158
739742167
739742277
739743164
739743737
739743832
739743998
739744328
739744552
739745334
739745826
739746712
739746982
739747069
739747198
739747934
739748389
739749408
739750075
739750433
739750603
739751412
739752512
739753514
739756063
739756343
739757815
739758456
739758925
739759236
739759530
739760231
739760329
739760561
739760594
739760942
739760978
739761253
739762962
739763518
739763736
739764050
739764257
739765612
739765719
739765787
739766467
739766929
739767760
739769788
739770345
739771055
739771409
739772179
739772373
739772870
739773232
739773422
739773452
739774089
739775442
739776015
739776243
739776424
739776515
739778923
739779743
739780211
739780459
739780865
739780952
739782054
739782244
739783449
739783850
739784024
739784163
739784259
739785321
739785780
739786228
739787292
739787438
739787923
739788436
739788460
739788914
739788973
739789013
739789091
739789201
739789705
739791058
739791068
739791164
739791431
739791743
739793025
739794011
739794096
739794403
739795281
739795972
739796277
739796800
739796893
739797204
739798205
739798515
739798952
739799591
739799750
739801252
739801482
739801602
739802544
739803188
739803677
739803871
739804394
739804730
739805915
739806180
739806779
739807056
739807418
739807918
739808142
739809087
739809340
739809897
739810170
739810990
739812484
739812834
739812848
739814394
739814585
739816861
739817245
739818372
739818426
739818471
739819880
739821099
739821260
739821482
739821837
739821960
739822327
739824174
739824702
739824853
739825294
739825313
739825927
739826423
739826524
739826594
739826713
739827071
739827306
739827407
739827496
739827720
739829341
739829385
739829672
739830909
739831058
739832052
739832083
739832182
739832445
739832631
739832688
739832939
739833703
739833745
739833785
739834129
739834466
739834480
739834716
739834750
739836375
739836462
739836503
739837050
739837264
739837320
739837537
739837727
739837839
739838130
739838541
739838653
739839058
739840172
739840210
739840540
739840560
739841254
739842765
739843209
739843826
739844242
739846418
739846675
739847025
739847148
739847571
739847664
739847701
739848892
739849112
739849504
739850702
739851150
739851462
739851664
739852420
739852439
739855424
739856564
739856567
739857250
739857845
739858037
739859030
739860621
739860662
739861516
739861649
739861850
739862130
739862151
739862190
739862436
739862565
739863493
739863556
739863601
739864956
739865278
739865400
739867140
739867158
739867839
739868047
739868055
739869609
739869743
739869807
739870292
739871264
739871674
739872487
739872572
739872601
739872669
739872750
739872893
739873867
739873964
739874048
739875183
739875619
739875942
739876242
739876329
739876378
739877417
739877515
739878204
739879965
739880705
739880952
739880989
739881061
739881092
739881096
739882500
739882860
739882983
739884794
739884851
739885379
739885712
739885909
739885932
739886048
739887290
739887663
739889335
739890208
739890538
739890553
739890701
739890714
739891354
739891426
739892041
739892363
739892391
739892475
739892627
739893217
739893234
739893248
739895226
739895284
739895784
739895905
739897728
739899847
739908980
739910574
739911348
739912420
739915274
739915395
739916829
739917348
739917946
739917949
739921428
739925939
739927420
739927898
739928349
739928595
739928924
739929373
739929490
739929710
739931729
739932325
739932942
739935026
739935095
739936789
739937079
739937805
739938607
739942807
739945926
739946476
739946625
739946863
739947057
739949220
739950203
739950539
739955432
739955916
739956114
739956185
739957208
739960488
739965528
739965675
739967236
739969705
739969711
739969925
739970301
739970796
739970953
739971293
739971387
739972473
739973702
739974650
739974737
739975740
739976374
739976453
739976635
739977261
739977680
739978504
739979054
739979457
739982104
739982186
739982264
739982445
739982595
739985874
739986681
739987384
739987489
739988496
739989768
